t=1
t<-10

yt=90
yt=78
p<-yt/t


t=1
k<-10

yt=90
yt=78
p<-yt/k

m=1
b<-10

yt=90
yt=78
p<-m/b